Host,business/finance,education/research,entertainment,health/medical,news/press,politics/government/law,sports,tech/science
27997,0.28670502718911134,0.2045752349166333,0.2316173236166439,0.017374658814743333,0.0339927317979548,0.025919447294159816,0.024168999881445344,0.17564657648930815
9316,0.31589990655678635,0.07327430473317827,0.32327458705663586,0.026234123699487896,0.030443684671976896,0.056684565171148935,0.034613509523434303,0.1395753185873515
27045,0.6465417535476518,0.03175061950420265,0.18574444686912578,0.03242445727777974,0.02253674408492604,0.027686488677963868,0.01748324660491274,0.03583224343343734
19805,0.19853754433051482,0.09472650147390475,0.14684062007478502,0.28063942831613364,0.03798178489799602,0.09140563496393167,0.028136305002937113,0.12173218093979697
26580,0.03525611270471869,0.37966607633591754,0.3142050759705145,0.022883859633057488,0.047489239949012295,0.08691888335444935,0.011621925415855168,0.10195882663647506
16886,0.15529422851789487,0.03606781498145054,0.6047239137202203,0.021369788656137714,0.03400784201814557,0.030783859842332978,0.015880404917005406,0.10187214734681252
27931,0.28694432838422,0.06038873760117933,0.41628277673517705,0.024950479895686776,0.0321502882666201,0.08171072204926777,0.020786570057940098,0.0767860970099088
8977,0.24674837943770517,0.11627158166096294,0.256204844558473,0.08660107853422887,0.03924490254355076,0.09842817509161181,0.030172916483663183,0.12632812168980423
20285,0.1341558635024183,0.07668122471562484,0.3673725386482776,0.040515841324927575,0.044006418923139105,0.07715660940213187,0.17404247826137678,0.08606902522210394
2427,0.19027238401977817,0.19041379537870376,0.231622861217418,0.02522229085129045,0.0426356031045854,0.03596488310092441,0.025676420999040887,0.2581917613282589
1324,0.3136183522416158,0.045807620369591004,0.435743257775414,0.023703527387031915,0.06306256965471041,0.049446126369877996,0.021894967704965764,0.04672357849679311
25006,0.3729312435694186,0.08572257885947884,0.20773790904079742,0.037019864041944295,0.030994547147787255,0.08632641468994079,0.030133909822277902,0.14913353282835498
13134,0.33448368221502767,0.07110332131434627,0.24359019167964513,0.046974392007718864,0.037057665684249806,0.15373353710465734,0.02502454758991341,0.08803266240444156
11834,0.6574397202356619,0.03395194341426314,0.12482777882110643,0.05092340266395711,0.02746017621567994,0.029074886408943887,0.021801388208221247,0.054520704032166384
19930,0.37702097913368565,0.08059540799999061,0.17907560666365535,0.03697657746607281,0.03440720061484259,0.15430515285661833,0.025728020869341776,0.11189105439579294
12212,0.24124416906884164,0.03900850292109483,0.33077194775733837,0.06807826155336447,0.1410960427495125,0.07143382597766462,0.021955458961250094,0.08641179101093362
14062,0.019466349256224685,0.008682466894539737,0.01838528922771211,0.004351853540288696,0.009117852851874183,0.005542949970862131,0.003380091499833981,0.9310731467586645
18965,0.24422996463095245,0.04561276986354637,0.3702266471332016,0.016864769603496463,0.029246709753928252,0.1843251423013832,0.011864993743556207,0.09762900296993543
10744,0.3562512457536684,0.06069558138930425,0.22972885861571732,0.043923682095333386,0.032071871744831566,0.15211567619999145,0.023225693866143475,0.10198739033501009
20664,0.21392134350145992,0.08785712439310397,0.35824874235632964,0.03815780328085101,0.0422051130956124,0.0660091363580613,0.10775473808968898,0.08584599892489267
17021,0.18408854517229906,0.046640282608627424,0.1957883083219117,0.029204523293298704,0.061328593640210434,0.044836973695389366,0.02135060992595681,0.4167621633423065
8212,0.3137047791056107,0.07192192281511488,0.3931730597853706,0.01706699923665548,0.03278237983208152,0.022855947484322993,0.02373239740316899,0.12476251433767498
20736,0.3775701510561992,0.0597703541504445,0.25041060282211636,0.05857039646371064,0.0625179836612493,0.06796541361363963,0.05968064079218183,0.06351445744045853
11963,0.14340365917780823,0.09709624736826618,0.5897721759285689,0.018723131362365815,0.03432824074106394,0.030552375444161728,0.012074679153500382,0.07404949082426483
12970,0.37698453831239664,0.11438074499319069,0.21450507234881128,0.02825781295366168,0.04101366252929447,0.04759892168091704,0.012275525673594197,0.16498372150813398
19053,0.6721855124590881,0.03255029115568745,0.12711084873742876,0.013883156270888758,0.03894454582797264,0.027667307274689006,0.011936894628622807,0.07572144364562257
20877,0.044321234380108744,0.01712354315168112,0.048663249564463947,0.015144740330254527,0.011179437321475865,0.8421938067223885,0.005772959177569092,0.015601029352058161
6688,0.3354560851561116,0.06356548922745409,0.21823077412563405,0.0325047342853188,0.08421770049481468,0.07004931822085181,0.10367040722050835,0.09230549126930665
1485,0.1861297017289094,0.03558712061611682,0.22660951508330415,0.026590540187347696,0.032014801307752735,0.43215143018176605,0.01694024729662308,0.0439766435981801
9915,0.05369394567780989,0.02796256271024842,0.844120916925428,0.014683722263160594,0.012467216406453678,0.013778901848278772,0.007865926372008421,0.025426807796612265
2785,0.15074751650777618,0.04487865546935096,0.6184595450007274,0.02475196859589883,0.037529484058982376,0.038575353592321136,0.018194958686811574,0.06686251808813148
20128,0.2865777163141793,0.12423671975696222,0.2760581717437396,0.03871357402830351,0.032217035960401236,0.0825385531560769,0.027200833877629445,0.13245739516270794
12295,0.5211807508924899,0.06279038029823276,0.12220000306169708,0.028853901185537274,0.03834832156666883,0.08355734261749558,0.0162989427283859,0.12677035764949268
14567,0.2875169648529561,0.07887335708328873,0.3718121065941111,0.030699485089013396,0.040300483982119974,0.057882137683355414,0.024529867288913196,0.108385597426242
25052,0.4105555721224435,0.05747781900974988,0.3501712664995168,0.019777005820254115,0.025804930650889422,0.035677353942061917,0.020163244205689258,0.0803728077493951
25689,0.4846815968709429,0.0800928668656525,0.20443659684250687,0.03651101788990639,0.03303090615451319,0.07980277257013665,0.022968670640935187,0.058475572165406296
18873,0.18523273941885013,0.293432773931754,0.2870295620870056,0.014357051563103868,0.029884510124107082,0.018337010733911415,0.017451450335689126,0.15427490180557882
18451,0.041277529949184016,0.07568927782167778,0.6809826276546396,0.014727503895232794,0.02936985797096481,0.029457110685364062,0.010199492177430908,0.11829659984550607
8422,0.31146816270360284,0.07648943317312999,0.34269029582235405,0.03693105958143864,0.03190224838426191,0.052978987742748236,0.03335311788969025,0.11418669470277423
9199,0.06430440010187628,0.034035380180811,0.06964403042268485,0.012812890706454274,0.02429208731837466,0.01928696229372842,0.013743266829977558,0.7618809821460928
9941,0.33104645596609117,0.04242594684512262,0.13233603950834505,0.013533258743777659,0.021491204245971028,0.02312697458124633,0.01828928827979962,0.4177508318296464
20517,0.2623161917139467,0.05155195170420338,0.5002514805666085,0.031658884773416905,0.041175567460421746,0.04155664845764304,0.01778469373857909,0.053704581585180614
12718,0.32027790452481836,0.22151462837642044,0.1790667726686185,0.026099079732424958,0.03718094277198191,0.037756379088285226,0.02879304220672084,0.14931125063072975
1681,0.27762508829096394,0.06967664772187097,0.42996450164228645,0.0312897405033507,0.051272728745198656,0.044478634948454554,0.021658432115557836,0.07403422603231684
4828,0.07755123379566976,0.37198288927286444,0.05641131465228591,0.03870861998938125,0.02259862353479411,0.11983958148740087,0.014099013726428536,0.2988087235411751
22986,0.7141392500108091,0.02298337142625944,0.07497592544367923,0.018016562389886595,0.01880276765295999,0.03837158264366124,0.013275754531914622,0.0994347859008296
423,0.25534705985272205,0.03969830871950424,0.5615994653745175,0.017141395911934497,0.030372780228139926,0.030732177092098616,0.016465508393918173,0.04864330442716499
19294,0.19477503239277721,0.04313416551529819,0.6201978409891452,0.020234002630084874,0.03968527911492778,0.03306586926528166,0.011530209529948812,0.037377600562536306
6354,0.18964566086438617,0.06478683155385825,0.24346035712025535,0.06202540048366079,0.19568413340881768,0.15396143736730097,0.02217665500278183,0.06825952419893908
4086,0.375995075305457,0.07827525848508776,0.27270772475951527,0.016167212091204773,0.034973493000088444,0.023662708697672424,0.02709710940841392,0.17112141825256053
3146,0.7544372980601713,0.028455822328674496,0.0896663892754523,0.012496240842993367,0.019981056602715094,0.02777594388127034,0.014568794483413557,0.05261845452530937
8759,0.24422996463095245,0.04561276986354637,0.3702266471332016,0.016864769603496463,0.029246709753928252,0.1843251423013832,0.011864993743556207,0.09762900296993543
1358,0.4982311557531242,0.04439599875100368,0.23721590281128133,0.029014143604363208,0.05953074867576236,0.046658562249596316,0.0225766307921863,0.0623768573626826
8466,0.24113277305669423,0.07690487313998255,0.1750063738463295,0.03683982210792827,0.03969573225666102,0.3488239721269882,0.0184260314097978,0.06317042205561829
12664,0.37522481013911413,0.06230695152519871,0.13663154934107377,0.018807888257526655,0.0344251442879188,0.03764175475337209,0.018565581733486543,0.31639631996230927
13113,0.33378395733067767,0.15199037364531326,0.12281579731508717,0.03103683142680632,0.030052995274302448,0.23965398419337489,0.01753994721826713,0.07312611359617122
24532,0.6261091618287254,0.04004489597349006,0.1736520106474374,0.023216565810462064,0.020473070559725248,0.0374983988759778,0.01805243353714159,0.06095346276704054
26881,0.2815841122894793,0.08542826133703771,0.2274710492977949,0.043985048682105746,0.0523962950454557,0.217492207210173,0.01584985559917264,0.07579317053878096
20970,0.33645490999129163,0.060847630356346404,0.21153074707284222,0.04481694267441433,0.033401039060837065,0.21963690957078835,0.01964357548609767,0.07366824578738232
5951,0.26945051382978635,0.05507492155648502,0.3276639168167803,0.032486835816442614,0.02773628082581839,0.2014472233920911,0.019520788982890117,0.06661951877970605
2547,0.1439958719559013,0.05188622144515376,0.6320282517241829,0.027340665188386744,0.02287234876325396,0.043027927259775424,0.0184836005211517,0.06036511314219429
254,0.5510390679522954,0.04143651789592817,0.21610625408439382,0.025171981172112726,0.03261264104467635,0.046550671668685664,0.0205395937104543,0.06654327247145365
9824,0.6343774964674278,0.030901076172363533,0.20368451886995542,0.013191586057700752,0.02212024134767525,0.022215092120958266,0.019914503307822292,0.053595485656096654
27314,0.1544975673751602,0.3037079892777837,0.12325507942659802,0.03099332610783069,0.04115756429005194,0.060553727601363384,0.01679759303447998,0.269037152886732
13643,0.2868412572282479,0.0989393202222194,0.3440647144740643,0.034447579463129624,0.035067071415478754,0.05241147285869917,0.02354214762998901,0.12468643670817206
7998,0.390405582138721,0.06972571423683004,0.0917553923992797,0.05027221044970362,0.066615772311049,0.141906773189544,0.014582259494672522,0.1747362957802001
6742,0.6612763726666906,0.03306711248327893,0.14849367360825483,0.04448393033144954,0.02800428280868962,0.029696590768532455,0.015478285205079366,0.03949975212802452
25525,0.5887614398096938,0.04245298720077574,0.15733039769593177,0.025236529700816194,0.027546160835930943,0.04009041794069122,0.01513796900049372,0.10344409781566653
26065,0.09087164218934667,0.3511789659773747,0.14041896802194914,0.038687884962778495,0.05894306311566049,0.10364497642051328,0.014603060850809823,0.20165143846156752
997,0.07330933335561633,0.4317399154217624,0.15349799081037308,0.025064436946291097,0.029849205773929733,0.056027778552057,0.016047039470643717,0.21446429966932687
12263,0.7589063371847711,0.024326360925249427,0.05210999323959272,0.008410421872621346,0.012945941870524037,0.017125769510458425,0.01107917448689694,0.11509600090988605
61,0.21326696808609819,0.08387826586823653,0.19722738540009047,0.048137280241525846,0.09054301069158088,0.2491476984855379,0.023817820745839574,0.09398157048109058
25885,0.013686039681166036,0.0073483515418656786,0.01616429604323019,0.003716167567280067,0.007547148504908155,0.00438249569917016,0.0033801899682349454,0.9437753109941449
2671,0.5019533386804983,0.053865131461184414,0.19434696907473994,0.032006129583842254,0.025240356228149508,0.09410011272296319,0.022286639598638365,0.0762013226499842
10244,0.30041211578943766,0.03353073707128473,0.4260756290306578,0.03731887410454356,0.05799207598567679,0.05670521502627256,0.018253784134698345,0.06971156885742866
11011,0.7721111997931502,0.030096376630815706,0.047779692930673724,0.023979533046699433,0.017949972385895758,0.06353408243359202,0.009033828059636756,0.03551531471953635
346,0.030204454191739886,0.03637476516393376,0.850442200063123,0.014470876516671075,0.02344133112100491,0.015464389959102867,0.007453712828029437,0.02214827015639516
21405,0.32473176216832933,0.054844871791748594,0.28763441060427924,0.0372520674480234,0.09834574046838132,0.0656537619072687,0.022338349544431233,0.10919903606753814
20226,0.17120861203352905,0.2529121468174952,0.25117645743925837,0.04993689722109461,0.03251222731864112,0.10763575136944822,0.01867076256814,0.11594714523239338
24838,0.39164672937997247,0.0682277232905122,0.24680056972703968,0.03937538202107718,0.03131215672429194,0.06499995947099775,0.028432677248707443,0.1292048021374013
5742,0.20324948529818684,0.21222725169561582,0.3139830224262609,0.027626919760658983,0.044754100803732565,0.06775522641428179,0.020445902351221405,0.10995809125004172
4758,0.27688604436313996,0.05504318701664592,0.36188728694393296,0.035806417320157886,0.04148083965609519,0.10932824616348194,0.03657204075384387,0.08299593778270235
15401,0.6553925451401457,0.03323983215697239,0.1725830057924736,0.021302424154505412,0.02366403630371437,0.02791395677593359,0.016732137904428592,0.049172061771826286
10797,0.5222729005448039,0.060647338001947826,0.1392214060606652,0.014468423387867342,0.03263121385250358,0.022183681434678464,0.018910316597649843,0.1896647201198838
21942,0.2333528668161155,0.09803413107944862,0.23878947556341862,0.1336564012272,0.048383404455895666,0.11156521465712033,0.031468074301432815,0.10475043189936845
23539,0.5028260164343049,0.04490176803730345,0.20514810743468284,0.03164393492292303,0.03470199720401673,0.09254437717018793,0.02880022636478179,0.05943357243179943
4098,0.1136453913723907,0.23352532337642307,0.34371977378083296,0.030767504218071746,0.05991007751448292,0.09989574228606277,0.01698084083916278,0.10155534661257286
18289,0.43474910461559413,0.07852616709851619,0.25719801676546333,0.04233978826172171,0.05263780017952571,0.05624507450891857,0.019843883247751062,0.05846016532250928
15969,0.07378910003062632,0.024847636709241467,0.8004878584141023,0.014236182566998058,0.02646798880339348,0.017977335806395486,0.01032788514264417,0.031866012526598805
3905,0.10086411036624474,0.2688574700229764,0.13265527151935472,0.14573860526660973,0.04532537801961115,0.03022482987749562,0.018173161806588168,0.25816117312111947
21989,0.24069934707378202,0.059026984392239176,0.4532680075802203,0.03392097595364433,0.03470941018940868,0.07477183698829726,0.03755879910581682,0.06604463871659151
26547,0.32164260381414317,0.04938607502987236,0.34365965969343226,0.023045004588083274,0.04139490514435033,0.09180072969452664,0.013716565002821389,0.11535445703277053
25153,0.12372227048414733,0.06019190294022936,0.3548675746294437,0.031503333115051914,0.19006247253152764,0.12097807956015819,0.07918892909167294,0.03948543764776894
9706,0.08763841035183298,0.027837979983214033,0.7508911871359629,0.018382355679813785,0.04179125026222551,0.01999250569955594,0.0097700302134238,0.043696280673970855
11655,0.44965089309682066,0.0502432784578954,0.23926611135024947,0.023493880809968812,0.022604171359512825,0.05294454177955721,0.019770202545926357,0.14202692060006925
10887,0.3632963381240445,0.10135334984686588,0.16284484760104853,0.028653280618251044,0.03376030424578508,0.05129589621275745,0.047570994792794245,0.2112249885584533
19087,0.23504514222976922,0.06688530329911048,0.2901143829667394,0.03110102278228415,0.04296168587924981,0.05636648912044141,0.02188941353556939,0.25563656018683595
22570,0.6630932347073096,0.03224906415111739,0.19934621710651326,0.01492497958277824,0.017590228890185394,0.020936882227189344,0.016015604644090048,0.03584378869081666
16588,0.6140489328233233,0.029919285054611028,0.1529454054626287,0.021672974187059078,0.06570265063738433,0.07023428129454543,0.017120909239900107,0.028355561300547998
19524,0.28726402866486533,0.09435967189683435,0.2090532751042356,0.05781674715430646,0.05047231079629773,0.06747345093690894,0.018652881744939814,0.21490763370161184
27327,0.20233515041834596,0.27698731919569075,0.15993120673722744,0.026673633174416175,0.04426425236435007,0.08323394987151007,0.021868502623953307,0.18470598561450607
9802,0.18100816697054278,0.08306631677108531,0.13401534501724854,0.1269833844204088,0.06474682660843495,0.3108560365643078,0.020410246784940522,0.07891367686303127
15658,0.19086373338041132,0.2777055593947767,0.11166521457479746,0.03221208234224737,0.03181460736246996,0.04682608041927129,0.018258291056299652,0.2906544314697262
26686,0.5601978861418625,0.04097100256171332,0.23965168265071066,0.0292822270281969,0.02705004026256354,0.041479201900612585,0.018103104730904897,0.0432648547234356
27649,0.17805877238006979,0.21860321951315212,0.2735256085871736,0.023996175287758856,0.04107310710225212,0.10637670917941679,0.02083561859103742,0.1375307893591393
21404,0.2583086599368821,0.21112140220875292,0.17315123999001097,0.02536489774125946,0.025683810152092007,0.13097513501603486,0.05697002866450773,0.11842482629045999
4928,0.286573828826883,0.16480246680119776,0.1929433084982088,0.015383200524264057,0.03431710364791386,0.022487642765295465,0.022959807534823167,0.2605326414014139
8701,0.08436810739309598,0.05645029215150229,0.0787536204010403,0.5429345374126137,0.031221018402291106,0.13521805688098545,0.015886816211310592,0.05516755114716066
9444,0.13129863192607116,0.08618506998865248,0.5834257116827185,0.014112217292669985,0.03961925854191332,0.01619412438976729,0.020380179028941126,0.10878480714926621
21570,0.24504868763889795,0.09119580662215893,0.2687677568640346,0.15322729002866217,0.044410186723495,0.061978048380072384,0.028085639098817946,0.10728658464386105
6154,0.07907259304930943,0.028951278147325416,0.056951712580631315,0.012829971038254206,0.01921174762272666,0.018773677473560128,0.010270888816834411,0.7739381312713585
10861,0.37698453831239664,0.11438074499319069,0.21450507234881128,0.02825781295366168,0.04101366252929447,0.04759892168091704,0.012275525673594197,0.16498372150813398
10233,0.24216040019357976,0.08950333273720235,0.2865585296652199,0.06635329626375579,0.06803922183962507,0.10484315655299979,0.0262266512530888,0.11631541149452856
6066,0.26072039601562685,0.12300924894839985,0.23544488096883784,0.05897218585037199,0.04000008733927277,0.18039249289517503,0.02622788167130982,0.07523282631100592
18155,0.17640515883418004,0.06755602413243396,0.35503624810649553,0.0812084321890931,0.043428958134090576,0.08459446507119261,0.030726265935176526,0.1610444475973376
6871,0.6256628120610842,0.03850084198152922,0.14778872658791342,0.022595490963853715,0.026062506659548762,0.047956640777633674,0.019136354183015927,0.07229662678542106
3553,0.11285472388709447,0.10904893018116689,0.5456930653551151,0.038541168058975235,0.03598819955082363,0.07902424472673704,0.016533500167619092,0.0623161680724686
16463,0.46250507695879184,0.05061404092311002,0.15252079169007088,0.028192605324510685,0.031803066032070726,0.04911130771880637,0.020423248340575028,0.2048298630120644
25967,0.20769906345153163,0.08909128461625235,0.1758747479777601,0.011975640578231347,0.026042473518381536,0.014653048682980405,0.018487835236419767,0.45617590593844287
15172,0.7110455959669741,0.029475292864752173,0.11328190534002822,0.01993409900635611,0.019307548485650673,0.03885010358663495,0.014629432016600205,0.05347602273300343
2591,0.25973312020716505,0.06936767753032083,0.46418665495154343,0.0200371703723716,0.036804559314446664,0.027859440804353673,0.025824402339097725,0.09618697448070092
12863,0.481587137173448,0.049021594146076965,0.20407470405269512,0.024268358632435247,0.022307868163918235,0.04981520110962616,0.020484589855931927,0.14844054686586844
8090,0.15147624732819587,0.06069351908421669,0.10273095316224157,0.028959806621869085,0.03059284228141257,0.5714923351600116,0.015876535857078433,0.03817776050497421
21348,0.19557366906317888,0.22161223163165708,0.15870238506496304,0.053069523943967654,0.04387981979454983,0.06914908754042458,0.02183884379142487,0.23617443916983397
21588,0.119267300328108,0.06686779756664721,0.6050434544847617,0.02686384908889825,0.03609720467671303,0.06740586223057776,0.01823778008405091,0.06021675154024316
23497,0.4163814719071286,0.072655467423829,0.22969838234373283,0.04150280275777934,0.06576471533220299,0.08088783033577397,0.021721870411773973,0.07138745948777922
11245,0.47444188713885294,0.034109264121624606,0.23325438734369744,0.018866705059875685,0.020196196068989484,0.0325595717317665,0.03701918580242626,0.14955280273276703
19097,0.5740067713532532,0.04769432797034555,0.1551436248818572,0.014362270364421314,0.024737224908496846,0.0204408119899991,0.020389660394798254,0.14322530813682857
9062,0.1765929774347079,0.16694242644969648,0.3197728403630789,0.022795067745672387,0.04692898284462164,0.084663245251602,0.023330032244138377,0.1589744276664823
11896,0.2891642026501234,0.0508543090590319,0.45518636048055633,0.029981238545272276,0.028897097402119924,0.07043177809755718,0.023289641580599492,0.052195372184739554
11336,0.13912751402149018,0.026451760635488625,0.7255673390849685,0.00917267539778476,0.028239707160624693,0.012249964479826646,0.011682778925829748,0.047508260293986984
14563,0.2753020385381305,0.05953826018479343,0.44521482849199784,0.02781630553195354,0.03043360258151316,0.05194288709379217,0.023020245767371765,0.08673183181044775
7410,0.6567390796512068,0.03072348495336715,0.06873385139068228,0.02266929538710895,0.02559520652367767,0.1478285198978963,0.011445748670476747,0.03626481352558416
19408,0.2296156680173354,0.06873292311133887,0.1486997818002286,0.03310039720778575,0.13249813793153803,0.08479723179439443,0.018441537488120174,0.28411432264925873
2586,0.5943655955918519,0.0540405473705708,0.08999357055455476,0.02296547870946817,0.02215724657045758,0.04251888468559762,0.023064498733393852,0.15089417778410544
15151,0.14724083849823924,0.05728210544984338,0.3064223648121866,0.02857521231171908,0.02595616075524878,0.053835036107263416,0.024512568988340852,0.3561757130771587
3504,0.12118330137273794,0.13940383946972681,0.3741977141035705,0.01359067528597145,0.03587277558068299,0.017662614860215326,0.023637172111272912,0.274451907215822
10419,0.14461785104733635,0.14707580366663553,0.14137149340034091,0.18200988283317798,0.05081114827046315,0.16265308128292127,0.01950856492878469,0.15195217457033997
17618,0.2266799745623279,0.13949624007602573,0.3363456128311404,0.014497686741139144,0.03653709897040023,0.017862721385362542,0.0195076385225233,0.2090730269110807
13560,0.3846159409734947,0.047706053351203585,0.32063320981357507,0.02480264726773624,0.024901579822620708,0.03878468727630687,0.02059660749731679,0.13795927399774613
13984,0.050978437343027636,0.16528716437256208,0.08249310675020437,0.030254278568232536,0.028718525988269676,0.5594581944534892,0.011922299118201576,0.070887993406013
9819,0.2613198549606407,0.18995414430835672,0.14590965936568887,0.022167081093709393,0.036437774752237556,0.03441469331295908,0.020408334224808693,0.28938845798159896
23949,0.1667990131630269,0.06301789621451098,0.5796678218695982,0.017969878039326884,0.03926373224055935,0.04694294847216417,0.016394742612949976,0.06994396738786367
15002,0.06593155353059847,0.1803120020779918,0.17332415864377343,0.05357073261831569,0.10064513271308136,0.059992750892789916,0.014744960440545083,0.35147870908290424
3875,0.14937344735857516,0.09145806622724498,0.37523902585264407,0.05835347337243927,0.06787731847724938,0.0768992307306745,0.02477333865423219,0.15602609932694045
26471,0.19208091844422545,0.0802885933926309,0.4022982099746759,0.03256714484451729,0.027797248264204603,0.04588793368373635,0.022089598582700487,0.196990352813309
19885,0.32235032838717803,0.0841939332173862,0.2913482636650609,0.03892940066780721,0.03263597276806955,0.08197231064679299,0.031661322087983876,0.11690846855972119
5756,0.23814332208218697,0.09561286760782345,0.3331555208158675,0.10956706391844868,0.04176909400853801,0.09107524044877756,0.025641561231939107,0.06503532988641879
18070,0.1723145119476453,0.07101978352677296,0.35304005646471226,0.03589263394765926,0.04986981092813098,0.23993051136472848,0.02092363284206466,0.057009058978286
6783,0.08164375876276592,0.02290224170226936,0.8123560618550406,0.005873304953485939,0.015590425584113119,0.00804096321580643,0.011187283640646072,0.04240596028587241
15975,0.37504584055317713,0.06908229487501563,0.17544007631002811,0.03808703797267621,0.030522065930316342,0.08974004020990364,0.028240693849704703,0.1938419502991782
14779,0.7229224713891379,0.02542344806040683,0.09204424042524231,0.06856608675388713,0.016753811419754468,0.03420847104025503,0.01237018050357387,0.02771129040774251
19237,0.1529950158275406,0.09315494795735058,0.4612604879531571,0.039182704127858646,0.03216494398530115,0.09382835501127942,0.029166563318785983,0.09824698181872651
26473,0.5084763160439223,0.056088705210378724,0.13984803581836114,0.010884560582863459,0.0373971278448002,0.014004082663771225,0.0178229717945108,0.21547820004139218
21311,0.41719893425942706,0.05962912672772215,0.34307490424530196,0.02261595119370871,0.037506373101845215,0.03734006251950336,0.017032828046450572,0.06560181990604116
27551,0.6048915008218353,0.03803470903196191,0.19993524175513233,0.02307397027470976,0.023909924466118032,0.03747636530347741,0.02216680637462417,0.05051148197214119
2705,0.1192160435078188,0.3640969557645386,0.09370349956316303,0.03711830009422653,0.03872685068595212,0.07929263767598269,0.019674518312744502,0.24817119439557375
12514,0.18908169910585013,0.14562697896407176,0.23243329269905205,0.025417387766834526,0.029093271280427695,0.02774479285482216,0.02248888231549613,0.32811369501344545
26485,0.04082830285430634,0.017881865237398906,0.03596342450240594,0.008672689445381215,0.01410083252479204,0.013437764387351777,0.007465086595775553,0.8616500344525884
8906,0.06456039486975017,0.05142186018906891,0.053443207673341986,0.033475370195852276,0.02852889056508941,0.7281960388663904,0.011578802021255377,0.028795435619251436
674,0.15736218712588537,0.3442821879763675,0.24511435599207407,0.016431844151800518,0.04166039427950041,0.01939588494567238,0.021181343744444955,0.1545718017842548
9391,0.5837040821380043,0.04610321769198827,0.12425438269881314,0.024687734617687283,0.02840031218465769,0.08295285705280997,0.014755152341788579,0.09514226127425068
7712,0.12101292467147355,0.09977854712085542,0.5317855597450875,0.02797227142728028,0.035384791345380064,0.08927699742358941,0.02174553145288305,0.07304337681345073
17681,0.2935585089874701,0.048498881935990036,0.47056628772427916,0.024105203036390944,0.030796069968696868,0.06719745691143163,0.02054592862722959,0.044731662808511624
15221,0.48461641339817285,0.05296608230886031,0.10827331331891342,0.03276783599549498,0.0758034209859028,0.18002096536343676,0.01579382005591432,0.049758148573304524
11436,0.7059292337127647,0.02924912602232553,0.13915288568409181,0.019542908949043217,0.016927199132609906,0.034811848517774024,0.016048298964001544,0.038338499017389255
23356,0.3030196268395916,0.057543410747821745,0.3887403530321021,0.031517845115169606,0.02908636580701408,0.07876160139496072,0.031814647871003354,0.07951614919233677
25632,0.1374310181032915,0.06197898057072823,0.11060392602736804,0.028652981070708704,0.03330134618254973,0.5658172377576661,0.017597143573513014,0.044617366714174704
11684,0.08248660338386378,0.24964690807303513,0.0970076190712372,0.1572630785238727,0.03968899315628604,0.06872651816912458,0.025828312067084292,0.27935196755549624
14883,0.22692102102863673,0.11854933702077816,0.19453003219052503,0.0602588025870364,0.04867720614645502,0.21339631401118886,0.03905627249772071,0.09861101451765912
20302,0.13620828002231333,0.12667412458344826,0.3315658728307802,0.07543537003291227,0.06836313812454833,0.0671618701331778,0.02243388140365432,0.17215746286916558
21899,0.12851037731375387,0.09915119207279068,0.5196390044333773,0.03738524642352783,0.06532470988803277,0.048439043517428025,0.027119897708420337,0.07443052864266927
15954,0.29748694114895335,0.06830270621427915,0.2989943003433905,0.04145671744062851,0.04819033869675799,0.1230883226100231,0.025579091260665376,0.09690158228530198
16830,0.19838742909192378,0.1380442050231199,0.3233735213301357,0.05032108273683837,0.05266836066732194,0.07926774668495849,0.02013690725918329,0.13780074720651853
12111,0.33914115109266424,0.0736708389299032,0.3147274798831103,0.06356962517264991,0.02879288830863253,0.054171434671526186,0.025949591564101017,0.09997699037741258
11862,0.23109843210405628,0.18273671970371036,0.17753492052626238,0.05939559987475184,0.06373712045060574,0.1435252671544865,0.028388524852374582,0.11358341533375242
26342,0.3817946968368219,0.07546901337762642,0.3097693841429919,0.02630855471145429,0.031394766926226406,0.05199007629428068,0.024626658402952254,0.09864684930764626
11683,0.7771477823840428,0.029502307189563287,0.0787437929553205,0.0184674405250824,0.018201702315243515,0.038086296012064265,0.010914968089065974,0.02893571052961726
20741,0.05087825966729341,0.3488118901809659,0.05087377885177278,0.021264411589382838,0.02648707255828763,0.04466652837039938,0.01166832498304482,0.44534973379885323
3927,0.0650784927552587,0.47860663195680253,0.10372178573526476,0.027744182265885806,0.03660794715250832,0.1249906734315974,0.012874631313481577,0.15037565538920103
17864,0.5748537692030669,0.04087193077582041,0.15003723233507318,0.029228261286802684,0.03131931188660477,0.04308995336319551,0.01982771976532993,0.11077182138410675
21896,0.057685851330205345,0.43189528782482667,0.05773647981372666,0.03353844744094099,0.028150125147540464,0.032719730125282655,0.014364440496325627,0.34390963782115164
13268,0.22735621608610154,0.06186857605920155,0.3859786247561531,0.042728984228565206,0.07142384415659468,0.05364170539539102,0.06934262172266654,0.0876594275953264
2521,0.250154343255907,0.06400244643674402,0.4835889191909952,0.016237686827763484,0.03697191736725173,0.02778090868437676,0.02380326580364638,0.09746051243331531
27553,0.29053019624235676,0.06749614932135066,0.16702121883856383,0.03537392401522694,0.12986067067434362,0.20906281181415415,0.020415477992254193,0.08023955110174978
7341,0.518429600661667,0.04247782728020945,0.2693813234381198,0.031812513754866406,0.023421474004335294,0.0355890590951014,0.01739235463459197,0.0614958471311087
17027,0.23158672154983964,0.07737003759554159,0.35865883768757834,0.04340041761237946,0.06742985519110575,0.07526952953138728,0.029299204996153533,0.1169853958360144
23178,0.18831869353933284,0.1056761831539993,0.4054998995216992,0.03738091546064969,0.054791340059759094,0.11513863819857703,0.021560845895094174,0.07163348417088863
17738,0.07506253998512767,0.12449225941181705,0.07995510576163968,0.06339699903423408,0.0263305515945499,0.5336306450205954,0.01215323027956983,0.08497866891246648
148,0.48663977961458965,0.05455614069664557,0.22806869189613524,0.02097711744878621,0.05621094194042806,0.050218629073061655,0.02164895213379485,0.08167974719655866
9508,0.0355435929112051,0.013984066003067895,0.9050649826304432,0.006948907308872204,0.011472909185504535,0.006007858571032592,0.004767399565394631,0.016210283824479928
10373,0.33548389909147824,0.07126717043537306,0.21305073934174704,0.04276247979011743,0.05289199577817309,0.07881401392283877,0.023748244879678387,0.18198145676059393
25597,0.09894223230751145,0.07032307504306516,0.6482274372627884,0.029131215327021388,0.036033963287759915,0.05914737920972357,0.02012259661885442,0.03807210094327573
16300,0.30881782483653664,0.15896042508282707,0.10299212173717208,0.04014072129892535,0.03320410779442119,0.1305401610782794,0.02685900249539572,0.19848563567644248
27369,0.23774981155176553,0.1972404217150467,0.24432419290687651,0.03964901196792839,0.03398563156013761,0.07235925272877063,0.02520542993308829,0.14948624763638632
23931,0.3179028854122451,0.06751018176739274,0.24779654055352954,0.03561773303984213,0.040252712660371046,0.06524751927580955,0.022708351516967443,0.20296407577384246
2811,0.2937440256072179,0.044098670825318376,0.28132987378812707,0.041576839335033325,0.03431073548642896,0.1668940673153878,0.02511144269914214,0.11293434494334446
27886,0.30018910847988656,0.061038437037205184,0.3788759654158276,0.019415962278538364,0.03044649144509092,0.09652892105280703,0.012208699160434823,0.10129641513020962
11216,0.01828616330068684,0.008255314451571337,0.013346929089430396,0.004453419763521274,0.006844481770054915,0.005548161483260996,0.0029838562709753207,0.9402816738704991
26350,0.22956268188657306,0.05433123169423389,0.5482453688582569,0.01236241584073276,0.023729159664622544,0.016685804890354393,0.01744589817413307,0.09763743899109334
18496,0.46636092488385456,0.06780119785943155,0.22300513660675633,0.03323365743478793,0.03848420507666746,0.06527982385876095,0.02251609246236627,0.08331896181737496
11059,0.44191014758586583,0.07105384066698293,0.25096675929980106,0.024941904442392072,0.04825701192764519,0.04595534616961922,0.014064466123504421,0.10285052378418913
3724,0.24255840166908518,0.06687265921314844,0.3666618705736231,0.04325132255045252,0.033521290440384245,0.06616889235723675,0.02359155959173985,0.15737400360432988
23381,0.7958220889030181,0.020558687237475358,0.06530280700260857,0.013159196110726995,0.01819945459398218,0.053408511224990976,0.009937453713146013,0.023611801214051726
21234,0.7072678382947032,0.035405967469470175,0.09836435983830176,0.02173464882829632,0.02365967598653579,0.04274019232103134,0.01654339409145255,0.054283923170208824
938,0.08891319517842541,0.3532452025966563,0.08152092994521296,0.04215854241513684,0.02751407764284364,0.09343297639634053,0.018706310009285992,0.29450876581609836
4334,0.2742121027034113,0.10628388860416993,0.3783663199869877,0.02568705467425496,0.03895928558612275,0.05052523949672844,0.023387183453540676,0.10257892549478416
4069,0.15656723114774013,0.21814431045169239,0.33858402417735156,0.025530679683497894,0.030333900413237778,0.05305880632103477,0.020317759740351493,0.15746328806509396
24307,0.3219011229161049,0.11314542702262817,0.17742982347816,0.06565164776394504,0.04930621125619732,0.06700141797807038,0.044366011052990914,0.16119833853190346
22936,0.4957060737313237,0.0592432083111527,0.17430437336239848,0.03472122205128235,0.07540814730331359,0.07348447393382602,0.02096177790513956,0.06617072340156373
25232,0.4671540048898335,0.06582895741657815,0.18454991016386457,0.025721822027558235,0.031595388972529274,0.02660554977075834,0.021400988290447304,0.17714337846843056
15502,0.6378908075878977,0.04033057428613225,0.13422776878683826,0.024958701318528214,0.02963356853490736,0.04719641033856658,0.018388647638363575,0.06737352150876602
19844,0.20873363927923683,0.1087757726975271,0.3877155989013469,0.039993526720975656,0.06991564627996388,0.08735442157367132,0.02352020680546554,0.07399118774181268
18653,0.2041086630032508,0.0355150000764565,0.5998397156356507,0.029078173262704277,0.041759090826908575,0.030352693938565448,0.01639831854281195,0.04294834471365166
4301,0.10347545558271383,0.24094883053325972,0.07967373682083097,0.03981801605587431,0.026791056026922156,0.12397903520101759,0.018944580461039705,0.3663692893183418
7442,0.13271527383987708,0.10794284295053816,0.28873099098183413,0.08589857385969898,0.15001813795258204,0.08469540705622353,0.022583088053372304,0.1274156853058739
20280,0.6029961855852737,0.04946778685486297,0.0800895189216585,0.025494629578341758,0.035284863905110535,0.048546270788557874,0.013563233090357956,0.14455751127583658
16866,0.33547956384690397,0.07367938873956857,0.23497673279802425,0.03847235862000261,0.05192876585543708,0.055252956420413585,0.02181855869717524,0.1883916750224747
6461,0.24031652857040753,0.03323182296513224,0.5336451475334199,0.014546959497320468,0.02592345717114512,0.03221548739611141,0.021696400729398872,0.09842419613706452
8166,0.161474722075519,0.056526264107818296,0.6333964663497499,0.008676117749928084,0.02640425973268119,0.012156808365563727,0.017707721589834666,0.0836576400289053
10390,0.48734566237515153,0.06767901781166513,0.17951856235166624,0.04530999076107721,0.03232763118997481,0.09096380225763649,0.019114549684661194,0.07774078356816748
22095,0.19393713946390528,0.07149060091445876,0.4654429064927564,0.02531156071846865,0.0366422611558549,0.09250398925771443,0.019268215923403612,0.09540332607343797
24640,0.04620181102001187,0.5051623017050824,0.12402784091593239,0.011171248672971973,0.024526803059711576,0.01359334739771293,0.009970185507902565,0.2653464617206744
24001,0.0277844933667998,0.00890487059619623,0.013427984906976984,0.004641567955407962,0.00821192992165878,0.005596207419361314,0.003628534194680359,0.9278044116389187
21211,0.3052879096472252,0.12726323176483048,0.2722637414504956,0.012569073671635345,0.032793694424557304,0.017474515462410762,0.025771199819164266,0.20657663375968102
15052,0.3079065797416015,0.12607074712732327,0.13400112608371684,0.05425928186895498,0.031101878681819555,0.2502441690009527,0.017914072773096545,0.07850214472253468
18884,0.398720443120617,0.06003761052806834,0.3142721147322754,0.031078138923175288,0.036706922321292156,0.046634954172185605,0.021970391202412547,0.09057942499997379
15944,0.5175313246070455,0.058540478205103254,0.10859028353346069,0.025970958533337283,0.033665197007520554,0.09237072694560762,0.016879268846299075,0.14645176232162604
15267,0.25208110341212053,0.07075338436764876,0.11854952850223041,0.04358879599400409,0.0437459715085162,0.4119362665848196,0.015114618414940275,0.04423033121572024
18620,0.6457307879188328,0.02784616106889103,0.16011123894891954,0.043716093642146917,0.02372558194475242,0.046816843663349254,0.014327892425079486,0.03772540038802862
11754,0.19833449136314688,0.05932884796225506,0.5036466849135991,0.01665226674970274,0.02784595558458917,0.025612963116792547,0.022523647565473884,0.14605514274444054
17346,0.3823337825125621,0.08320685522095299,0.1724208112749032,0.035588825629691886,0.048974495541430484,0.16185382024963146,0.017044056062227995,0.09857735350859977
16845,0.20908903124298348,0.06463260437879736,0.05995485854941868,0.02850471265502487,0.048801038268108804,0.5180486734294876,0.01053011533336627,0.06043896614281302
13326,0.35585937166933246,0.1110531384569524,0.21545757743266294,0.03709520676124506,0.07047268686209772,0.07037854655444324,0.02398715018131231,0.1156963220819538
12083,0.6932253142761424,0.03187768616864683,0.10513616730539684,0.018410323903277646,0.019471932367452257,0.028911037262413425,0.015487005233725492,0.08748053348294516
11926,0.01671715936114718,0.012655187312570688,0.011519702329326422,0.004882397784519906,0.008756508638305276,0.006819319598512875,0.0030719572299505327,0.935577767745667
23745,0.33587494778546756,0.07507286456050354,0.13237865120805736,0.04669063041105335,0.034548738721263794,0.24188692799256004,0.01888377484297085,0.1146634644781234
17892,0.34764584410152916,0.13715689947859291,0.18727678727010116,0.02571558607225509,0.029518677901757207,0.08832308355881328,0.05122437984248345,0.13313874177446772
